#DOMINOS.FR/LES-PROMOS
0641
2521
3483
4353
4644
5467
6979
8911
9949
#DEALABS.COM
0023
0037
0043
1003
1086
1110
1363
1465
1749
1826
1860
2331
2428
2667
3170
3797
4048
4278
4401
4546
4717
4746
5538
5741
5920
6134
6318
6381
6417
6474
6846
7187
7426
7497
7549
7869
8095
8184
8725
8765
9039
9828
9910
9961
DOMINOS
OMG
S3P1
#LEMONDE.FR/CODEPROMO
0288
0422
0597
0655
1119
1446
1982
2314
2577
3732
3984
5021
5495
5626
6165
6377
6728
6959
9071
9463
9498
#CODESPROMO.LEFIGARO.FR
0158
1204
3774
4733
4906
4954
6278
9499
#MA-REDUC.COM
0038
0095
0100
0294
0867
1712
2197
2644
2919
3831
4019
4347
4573
4805
4885
4924
4931
5576
6818
6835
6850
6918
6921
7333
8739
8930
9166
#POULPEO.COM
#E-CODEPROMO.FR
#CODEPROMO.LEXPRESS.FR